1 (-12.09465,-77.00591)
2 (-12.09452,-77.00429)
3 (-12.09455,-77.00272)
4 (-12.09427,-77.00021)
5 (-12.09363,-77.00969)
6 (-12.09317,-76.99568)
7 (-12.09569,-76.99110)
8 (-12.09635,-76.98631)
9 (-12.09410,-77.00597)
10 (-12.09081,-77.00240)
11 (-12.09072,-77.00183)
12 (-12.09353,-77.00604)
13 (-12.09123,-77.00484)
14 (-12.09032,-76.99907)
15 (-12.09024,-76.99848)
16 (-12.08941,-76.99084)
17 (-12.08943,-76.99286)
18 (-12.08952,-76.99020)
19 (-12.08980,-76.99540)
20 (-12.09111,-76.98661)
21 (-12.09156,-76.98603)
22 (-12.09148,-76.98580)
23 (-12.09441,-77.00604)
24 (-12.09521,-77.00583)
25 (-12.09782,-77.00598)
26 (-12.10302,-77.00625)
27 (-12.10516,-77.00627)
28 (-12.09510,-77.00431)
29 (-12.09451,-77.00265)
30 (-12.09087,-77.00316)
31 (-12.09518,-77.00255)
32 (-12.08830,-77.00352)
33 (-12.08891,-77.00332)
34 (-12.10321,-77.00129)
35 (-12.10658,-77.00078)
36 (-12.10578,-77.00089)
37 (-12.09480,-77.00003) 
38 (-12.09547,-77.00001)
39 (-12.09663,-77.00002)
40 (-12.09912,-77.00033)
41 (-12.09395,-76.99914)
42 (-12.09456,-76.99904)
43 (-12.08783,-77.00003) 
44 (-12.08844,-76.99993)
45 (-12.09512,-77.00179)
46 (-12.09517,-77.00326)
47 (-12.09514,-77.00521) 
48 (-12.09471,-76.99940)
49 (-12.09454,-76.99890)
50 (-12.09380,-76.99566)
51 (-12.09384,-76.99691)
52 (-12.09391,-76.99485)
53 (-12.09621,-76.99134)
54 (-12.09533,-77.00644)
55 (-12.09630,-77.00875)
56 (-12.09749,-77.00905)
57 (-12.09907,-77.00890)
58 (-12.09569,-77.00170)
59 (-12.09627,-77.00162)
60 (-12.09683,-77.00155)
61 (-12.09785,-77.00143)
62 (-12.09868,-77.00129)
63 (-12.10329,-77.00059)
64 (-12.10521,-77.00034)
65 (-12.10285,-77.00068)
66 (-12.09689,-77.00303)
67 (-12.09565,-77.00321)
68 (-12.09621,-77.00314)
69 (-12.10090,-77.00024)
70 (-12.09921,-77.00269)
71 (-12.10401,-77.00200)
72 (-12.10257,-77.00222)
73 (-12.10321,-77.00209)
74 (-12.09685,-77.00507)
75 (-12.09743,-77.00517)
76 (-12.09668,-77.00567)
77 (-12.09688,-77.00302)
78 (-12.09685,-77.00506)
79 (-12.09696,-77.00414)
80 (-12.10100,-77.00414)
81 (-12.09754,-77.00414)
82 (-12.09934,-77.00413)
83 (-12.09875,-77.00414)
84 (-12.09648,-77.00503)
85 (-12.09636,-77.00412)
86 (-12.09605,-77.00002) 
87 (-12.09636,-77.00229)
88 (-12.09663,-77.00002)
89 (-12.09673,-77.00060)
90 (-12.09782,-77.00000)
91 (-12.09733,-77,00147)
92 (-12.09744,-77.00058)
93 (-12.09793,-77.00213)
94 (-12.09689,-77.00891)
95 (-12.09804,-77.00286)
96 (-12.09799,-77.00539)
97 (-12.09816,-77.00413)
98 (-12.10505,-76.99770)
99 (-12.10282,-76.99810)
100 (-12.10178,-76.99829)
101 (-12.10134,-76.99838)
102 (-12.10621,-76.99750)
103 (-12.10095,-77.00625)
104 (-12.10095,-77.00160)
105 (-12.10101,-77.00092)
106 (-12.10036,-76.99855)
107 (-12.10280,-76.99025)
108 (-12.10008,-76.99678)
109 (-12.09924,-77.00951)
110 (-12.10076,-77.00793)
111 (-12.10140,-77.00449)
112 (-12.10134,-77.00336)
113 (-12.10091,-76.99910)
114 (-12.10023,-76.999237)
115 (-12.09957,-76.99978)
116 (-12.09744,-77.00295)
117 (-12.09915,-77.00561)
118 (-12.09295,-76.99928)
119 (-12.09339,-77.00145)
120 (-12.09343,-77.00201)
121 (-12.09403,-77.00138)
122 (-12.09132,-77.00175) 
123 (-12.09003,-77.00191)
124 (-12.09338,-77.00413)
125 (-12.09341,-77.00541)
126 (-12.09413,-77.00880)
127 (-12.09387,-77.00756)
128 (-12.09268,-77.00528)
129 (-12.09251,-77.00293)
130 (-12.09266,-77.00423)
131 (-12.09259,-77.00369)
132 (-12.09401,-77.00345)
133 (-12.09099,-77.00394)
134 (-12.09035,-77.00400)
135 (-12.08922,-77.00542)
136 (-12.09161,-77.00621)
137 (-12.09190,-77.00561)
138 (-12.09465,-77.00907)
139 (-12.09113,-77.00717)
140 (-12.09008,-77.00661)
141 (-12.09060,-77.00689)
142 (-12.09167,-77.00748)
143 (-12.09222,-77.00778)
144 (-12.09087,-77.00553)
145 (-12.09114,-77.00582)
146 (-12.09246,-77.00591)
147 (-12.09278,-77.00673)
148 (-12.09335,-77.00840) 
149 (-12.09319,-77.00741)
150 (-12.09379,-77.00731)
151 (-12.08814,-77.00218)
152 (-12.08844,-77.00425)
153 (-12.08861,-77.00551)
154 (-12.08799,-77.00119)
155 (-12.08656,-76.99094)
156 (-12.08638,-76.98975)
157 (-12.08680,-76.99271)
158 (-12.08648,-76.98438)
159 (-12.08625,-76.98848)
160 (-12.08610,-76.98487)
161 (-12.08639,-76.99271)
162 (-12.08650,-76.99582)
163 (-12.09122,-77.00830) 
164 (-12.08886,-77.00757)
165 (-12.09348,-77.00973)
166 (-12.09802,-77.01218)
167 (-12.09490,-77.00712)
168 (-12.10066,-77.00748)
169 (-12.09612,-77.00690)
170 (-12.09802,-77.00728)
171 (-12.08884,-77.00268) 
172 (-12.08876,-77.00209)
173 (-12.08869,-77.00158)
174 (-12.08853,-77.00053)
175 (-12.08808,-76.99717)
176 (-12.08837,-76.99936)
177 (-12.08822,-76.99832)
178 (-12.08994,-77.00137)
179 (-12.08989,-77.00090)
180 (-12.08861,-77.00109)
181 (-12.09046,-77.00024)
182 (-12.09307,-76.99986)
183 (-12.09111,-77.00014)
184 (-12.08983,-77.00034)
185 (-12.09257,-77.00001)
186 (-12.09285,-77.00153)
187 (-12.09398,-76.99750)
188 (-12.09505,-76.99736)
189 (-12.09552,-76.99621)
190 (-12.09554,-76.99534)
191 (-12.09546,-76.99464)
192 (-12.09382,-76.99630)
193 (-12.09315,-76.99567)
194 (-12.09216,-76.99593)
195 (-12.09885,-76.99484)
196 (-12.09758,-76.99494)
197 (-12.09933,-76.99470)
198 (-12.10781,-76.99265)
199 (-12.10803,-76.99231)
200 (-12.08494,-76.99682)
201 (-12.09527,-76.99682)
202 (-12.08999,-76.99691)
203 (-12.09220,-76.99659)
204 (-12.09226,-76.99717)
205 (-12.09168,-76.99725)
206 (-12.09213,-76.99879)
207 (-12.09270,-76.99872)
208 (-12.08966,-76.99916)
209 (-12.09145,-76.99890)
210 (-12.09137,-76.99831)
211 (-12.08945,-76.99759)
212 (-12.08828,-76.99876)
213 (-12.08948,-76.99811)
214 (-12.09453,-76.99476)
215 (-12.09706,-76.99028)
216 (-12.09719,-76.98980)
217 (-12.09673,-76.99160)
218 (-12.09456,-76.99303)
219 (-12.09503,-76.99340)
220 (-12.08717,-76.99087)
221 (-12.09321,-76.99216)
222 (-12.09261,-76.99352)
223 (-12.09502,-76.98974) 
224 (-12.09319,-76.99374)
225 (-12.09073,-76.99329)
226 (-12.09016,-76.99337)
227 (-12.09271,-76.99190)
228 (-12.09204,-76.99334)
229 (-12.09148,-76.99134)
230 (-12.09131,-76.99196)
231 (-12.09124,-76.99264)
232 (-12.09192,-76.99017)
233 (-12.09337,-76.98811)
234 (-12.09265,-76.98916)
235 (-12.09229,-76.98967)
236 (-12.09170,-76.99071)
237 (-12.09239,-76.99244)
238 (-12.09223,-76.99277)
239 (-12.09067,-76.99270)
240 (-12.09006,-76.99278)
241 (-12.09093,-76.99115)
242 (-12.09138,-76.99003) 
243 (-12.09215,-76.98888)
244 (-12.09183,-76.98936)
245 (-12.09004,-76.99099)
246 (-12.09113,-76.99051)
247 (-12.09453,-76.99147)
248 (-12.09394,-76.99117)
249 (-12.09272,-76.99048)
250 (-12.08705,-76.98965)
251 (-12.08702,-76.98965)
252 (-12.09436,-76.98833)
253 (-12.09379,-76.98908)
254 (-12.09083,-76.99385)
255 (-12.09187,-76.99386)
256 (-12.09229,-76.99452)
257 (-12.09174,-76.99453)
258 (-12.09092,-76.99463) 
259 (-12.09035,-76.99474)
260 (-12.09042,-76.99531)
261 (-12.09288,-76.99498)
262 (-12.09225,-76.99504)
263 (-12.09133,-76.99518)
264 (-12.08913,-76.99551)
265 (-12.09142,-76.99585)
266 (-12.08874,-76.99079)
267 (-12.08886,-76.99354)
268 (-12.08878,-76.99296)
269 (-12.08814,-76.99305)
270 (-12.08782,-76.99082) 
271 (-12.08774,-76.99014)
272 (-12.08778,-76.98958)
273 (-12.08812,-76.98842) 
274 (-12.08963,-76.98561) 
275 (-12.08929,-76.98613)
276 (-12.08757,-76.99374)
277 (-12.08785,-76.99567)
278 (-12.08749,-76.99314)
279 (-12.08740,-76.99260)
280 (-12.08670,-76.98514)
281 (-12.08689,-76.98461)
282 (-12.08688,-76.98839)
283 (-12.08753,-76.98824)
284 (-12.08866,-76.98859)
285 (-12.08835,-76.98782)
286 (-12.08676,-76.98714)
287 (-12.08741,-76.98717)
288 (-12.08796,-76.98590)
289 (-12.08841,-76.98478)
290 (-12.08819,-76.98537)
291 (-12.08790,-76.98752)
292 (-12.09045,-76.98762)
293 (-12.08899,-76.98659)
294 (-12.08843,-76.98624) 
295 (-12.08988,-76.98727)
296 (-12.09586,-76.98919)
297 (-12.09674,-76.98925)
298 (-12.09733,-76.98923)
299 (-12.08698,-76.98465)
300 (-12.10058,-76.98934)
301 (-12.10118,-76.98953)
302 (-12.10727,-76.99201)
303 (-12.10.673,-76.99176)
304 (-12.09565,-76.98988)
305 (-12.09079,-76.98714) 
306 (-12.09299,-76.98866)
307 (-12.09128,-76.98754)
308 (-12.08897,-76.98958)
309 (-12.09100,-76.98808)
310 (-12.09073,-76.98860)
311 (-12.09308,-76.99001)
312 (-12.09352,-76.99156)
313 (-12.09820,-76.99229)
314 (-12.09989,-76.98911)
315 (-12.09861,-76.99093)
316 (-12.09952,-76.98974)
317 (-12.09881,-76.98922)
318 (-12.09833,-76.99149) 
319 (-12.09923,-76.99232)
320 (-12.09885,-76.98976)
321 (-12.09775,-76.98983)
322 (-12.09722,-76.99186)
323 (-12.09818,-76.99201)
324 (-12.09960,-76.99056)
325 (-12.10005,-76.99095)
326 (-12.10082,-76.99004)
327 (-12.09886,-76.99617)
328 (-12.09887,-76.99555)
329 (-12.09886,-76.99680)
330 (-12.09883,-76.99870)
331 (-12.09884,-76.99873)
332 (-12.09917,-76.99018)
333 (-12.09885,-76.99336) 
334 (-12.09755,-76.99335)
335 (-12.09758,-76.99431)
336 (-12.09818,-76.99335)
337 (-12.10194,-76.99056)
338 (-12.10137,-76.99029)
339 (-12.09968,-76.99268)
340 (-12.10048,-76.99133)
341 (-12.09986,-76.99619)
342 (-12.09987,-76.99547)
343 (-12.09932,-76.99680)
344 (-12.10440,-76.99659)
345 (-12.10283,-76.99668)
346 (-12.10610,-76.99631)
347 (-12.09949,-76.99816)
348 (-12.10003,-76.99801)
349 (-12.09928,-76.99906) 
350 (-12.09883,-76.99873)
351 (-12.09656,-77.00627)
352 (-12.09687,-77.00694)
353 (-12.09657,-77.00787)
354 (-12.09514,-77.00833)
355 (-12.09572,-77.00819)
356 (-12.09810,-77.00903)
357 (-12.09860,-77.00740)
358 (-12.09829,-77.00844)
359 (-12.09942,-77.00745)
360 (-12.09930,-77.00946) 
361 (-12.09908,-77.00887)
362 (-12.09661,-77.00972)
363 (-12.09580,-77.00962)
364 (-12.10054,-77.01043) 
365 (-12.10163,-77.01009)
366 (-12.09548,-77.00901) 
367 (-12.09870,-77.01121)
368 (-12.09689,-77.01059)
369 (-12.10060,-77.01111)
370 (-12.09860,-77.01191)
371 (-12.09878,-77.01057)
372 (-12.09658,-77.01119)
373 (-12.10298,-77.01145)
374 (-12.10202,-77.01146)
375 (-12.10259,-77.01052)
376 (-12.10192,-77.00968) 
377 (-12.10188,-77.00966) 
378 (-12.10515,-77.00923)
379 (-12.10230,-77.00913)
380 (-12.10172,-77.00626)
381 (-12.10225,-76.99670)
382 (-12.10188,-77.00966)
383 (-12.10135,-77.00806)
384 (-12.10161,-77.00685)
385 (-12.10201,-77.00505)
386 (-12.10200,-77.00450)
387 (-12.10202,-77.00337)
388 (-12.10224,-76.99885)
389 (-12.10224,-77.00687)
390 (-12.10415,-77.00881)
391 (-12.10515,-77.00862)
392 (-12.10458,-77.00872)
393 (-12.10197,-77.00815)
394 (-12.10272,-77.00826)
395 (-12.10285,-77.00688)
396 (-12.10301,-77.00687)
397 (-12.10400,-77.00688)
398 (-12.10302,-77.00564)
399 (-12.10401,-77.00627)
400 (-12.10401,-77.00564)
401 (-12.10189,-77.00562)
402 (-12.10517,-77.00564)
403 (-12.10302,-77.00505)
404 (-12.10401,-77.00507)
405 (-12.10516,-77.00507)
406 (-12.10301,-77.00451) 
407 (-12.10401,-77.00450)
408 (-12.10257,-77.00449)
409 (-12.10515,-77.00450)
410 (-12.10457,-77.00450)
411 (-12.10258,-77.00337)
412 (-12.10320,-77.00339)
413 (-12.10340,-76.99667)
414 (-12.10318,-77.00450)
415 (-12.10340,-76.99996)
416 (-12.10339,-76.99864)
417 (-12.10343,-76.99545)
418 (-12.10520,-77.00112)
419 (-12.10520,-77.00183) 
420 (-12.10517,-76.99438)
421 (-12.10459,-77.00627)
422 (-12.10459,-77.00193)
423 (-12.10521,-76.99972)
424 (-12.10464,-76.99979)
425 (-12.10453,-76.99844)
426 (-12.10510,-76.99832) 
427 (-12.10282,-76.99878)
428 (-12.10567,-76.99823)
429 (-12.10341,-76.99736)
430 (-12.10501,-76.99709)
431 (-12.10437,-76.99502)
432 (-12.10284,-76.99503)
433 (-12.10172,-76.99672)
434 (-12.10115,-76.99460)
435 (-12.10113,-76.99674)
436 (-12.10112,-76.99525)
437 (-12.10224,-76.99513)
438 (-12.10338,-76.99486) 
439 (-12.10171,-76.99520) 
440 (-12.10478,-76.99409)
441 (-12.10768,-76.99309)
442 (-12.10522,-76.99374)
443 (-12.10441,-76.99356)
444 (-12.10567,-76.99462)
445 (-12.10562,-76.99759)
446 (-12.10555,-76.99640)
447 (-12.10620,-76.99488)
448 (-12.10678,-76.99742) 
449 (-12.10681,-76.99801) 
450 (-12.10681,-76.99512) 
451 (-12.10698,-76.99799)
452 (-12.10692,-76.99864)
453 (-12.10685,-76.99864) 
454 (-12.10616,-76.99866)
455 (-12.10613,-76.99815)
456 (-12.10644,-76.99864)
457 (-12.10649,-76.99972)
458 (-12.10580,-77.00047)
459 (-12.10653,-77.00039)
460 (-12.10697,-76.99451)
461 (-12.10650,-76.99429)
462 (-12.10585,-76.99265)
463 (-12.10617,-76.99315)
464 (-12.10707,-76.99291)
465 (-12.10821,-76.99190)
466 (-12.10843,-76.99150)
467 (-12.09623,-76.98852)
468 (-12.10662,-76.99109) 
469 (-12.10664,-76.99106) 
470 (-12.10413,-76.98977) 
471 (-12.10400,-76.98971) 
472 (-12.09316,-76.98692)
473 (-12.10750,-76.99155)
474 (-12.10696,-76.99128)
475 (-12.10683,-76.99063)
476 (-12.10702,-76.98968)
477 (-12.10800,-76.99125)
478 (-12.10703,-76.99016) 
479 (-12.10812,-76.99069)
480 (-12.10515,-76.99029)
481 (-12.10646,-76.98971)
482 (-12.10638,-76.98876)
483 (-12.10464,-76.98891)
484 (-12.09314,-76.98652)
485 (-12.09231,-76.98658)
486 (-12.09156,-76.98601)
487 (-12.08442,-76.99314)
488 (-12.08479,-76.99489)
489 (-12.08497,-76.99604)
490 (-12.08484,-76.99621)
491 (-12.08663,-76.99462)
492 (-12.08532,-76.99482)
493 (-12.08545,-76.99560)
494 (-12.08603,-76.99470)
495 (-12.08547,-76.99596)
496 (-12.08432,-76.99628)
497 (-12.08414,-76.99499)
498 (-12.08395,-76.99371)
499 (-12.08366,-76.99505)
500 (-12.08346,-76.99382)
