Marco Collantes
1 - 01 03
2 - 01 04
3 - 01 05
4 - 01 06 
5 - 01 49 
6 - 01 60
7 - 01 118
8 - 01 208 
9 - 02 01
10 - 02 30
11 - 02 31
12 - 02 33
13 - 02 38
14 - 02 65
15 - 02 67
16 - 02 73
17 - 02 79
18 - 02 82
19 - 02 89
20 - 02 105
21 - 02 195
22 - 02 209
23 - 03 02
24 - 03 08
25 - 03 21
26 - 03 158
27 - 03 166
28 - 04 08
29 - 05 01
30 - 05 02
31 - 05 08
32 - 05 48
33 - 05 51
34 - 05 165
35 - 05 188
36 - 05 189
37 - 06 08
38 - 06 16
39 - 06 18
40 - 06 23
41 - 07 01
42 - 07 08
43 - 07 48
44 - 07 51
45 - 08 09
46 - 08 10
47 - 08 11
48 - 08 25
49 - 08 58
50 - 08 60
51 - 08 61
52 - 08 71
53 - 08 118
54 - 08 134
55 - 08 136
56 - 08 138
57 - 08 142
58 - 09 16
59 - 09 17
60 - 09 18
61 - 09 21
62 - 09 23
63 - 09 165
64 - 09 166
65 - 09 172
66 - 10 12
67 - 10 14
68 - 10 15
69 - 10 22
70 - 10 27
71 - 10 159
72 - 10 163
73 - 10 165
74 - 11 12
75 - 11 26
76 - 12 03
77 - 12 10
78 - 12 11
79 - 13 12
80 - 13 22
81 - 13 26
82 - 13 27
83 - 13 28
84 - 15 11
85 - 15 13
86 - 17 05
87 - 17 06
88 - 18 06
89 - 18 20
90 - 19 06
91 - 19 09
92 - 20 19
93 - 21 05
94 - 21 08
95 - 21 10
96 - 21 11
97 - 21 13
98 - 21 166
99 - 21 176
100 - 21 177
101 - 21 178
102 - 21 182
103 - 22 03
104 - 22 05
105 - 22 09
106 - 22 21
107 - 22 105
108 - 22 130
109 - 22 146
110 - 22 155
111 - 22 162
112 - 22 164
113 - 22 171
114 - 23 22
115 - 23 24
116 - 26 10
117 - 27 11
118 - 29 07
119 - 29 31
120 - 30 29
121 - 31 01
122 - 31 32
123 - 31 53
124 - 33 34
125 - 33 35
126 - 33 41
127 - 33 50
128 - 35 36
129 - 36 05
130 - 36 34
131 - 36 37
132 - 37 01
133 - 37 02
134 - 37 39
135 - 38 41
136 - 39 40
137 - 40 02
138 - 41 01
139 - 41 40
140 - 41 42
141 - 41 43
142 - 41 44
143 - 41 45
144 - 42 39
145 - 43 39
146 - 44 02
147 - 45 46
148 - 46 41
149 - 46 47
150 - 47 33
151 - 48 31
152 - 48 37
153 - 48 38
154 - 48 54
155 - 48 73
156 - 48 83
157 - 48 96
158 - 48 97
159 - 48 98
160 - 48 104
161 - 48 210
162 - 48 215
163 - 49 44
164 - 49 48
165 - 49 143
166 - 49 149
167 - 50 01
168 - 50 22
169 - 50 137
170 - 50 138 
171 - 51 30
172 - 51 31
173 - 51 52
174 - 51 55
175 - 51 62
176 - 51 65
177 - 51 70
178 - 52 53
179 - 53 54
180 - 54 51
181 - 55 02
182 - 55 29
183 - 55 32
184 - 55 53
185 - 55 56
186 - 56 31
187 - 57 08
188 - 58 57
189 - 58 59
190 - 58 60
191 - 58 71
192 - 59 08
193 - 60 02
194 - 60 29
195 - 60 121
196 - 60 124
197 - 60 127
198 - 60 183
199 - 60 194
200 - 60 211
201 - 61 58
202 - 62 02
203 - 62 29
204 - 63 29
205 - 63 64
206 - 64 65
207 - 65 29
208 - 65 68
209 - 66 65
210 - 67 66
211 - 68 63
212 - 69 51
213 - 70 68
214 - 71 72
215 - 72 115
216 - 72 117
217 - 72 118
218 - 73 08
219 - 73 72
220 - 73 95
221 - 74 73
222 - 74 75
223 - 74 106
224 - 75 01
225 - 75 85
226 - 75 88
227 - 76 73
228 - 76 75
229 - 77 73
230 - 77 78
231 - 77 79
232 - 77 83
233 - 77 105
234 - 77 109
235 - 77 111
236 - 77 112
237 - 78 76
238 - 79 76
239 - 79 80
240 - 79 81
241 - 80 73
242 - 80 83
243 - 80 109
244 - 80 110
245 - 81 73
246 - 82 80
247 - 83 01
248 - 83 74
249 - 83 84
250 - 83 94
251 - 83 97
252 - 84 105
253 - 84 106
254 - 85 86
255 - 86 76
256 - 87 74
257 - 87 76
258 - 87 85
259 - 88 87
260 - 88 89 
261 - 89 01
262 - 89 74
263 - 89 90
264 - 89 91
265 - 90 60
266 - 91 73
267 - 91 75
268 - 92 91
269 - 92 93
270 - 93 73
271 - 93 82
272 - 93 83
273 - 93 99
274 - 93 105
275 - 93 106
276 - 95 75
277 - 95 89
278 - 95 92
279 - 96 95
280 - 97 104
281 - 97 105
282 - 98 97
283 - 99 97
284 - 99 101
285 - 100 93
286 - 100 97
287 - 100 102
288 - 102 104
289 - 102 105
290 - 102 106
291 - 103 100 
292 - 104 02
293 - 104 93
294 - 104 103
295 - 104 107
296 - 105 01
297 - 105 08
298 - 105 72
299 - 105 94
300 - 105 120
301 - 105 121
302 - 105 197
303 - 105 198
304 - 106 01
305 - 106 02
306 - 106 77
307 - 106 108
308 - 107 83
309 - 108 109
310 - 110 108
311 - 111 84
312 - 112 74
313 - 113 58
314 - 113 105
315 - 113 116
316 - 113 117
317 - 114 105
318 - 115 113
319 - 115 121
320 - 117 114
321 - 117 116
322 - 118 119
323 - 119 113
324 - 120 122
325 - 121 122
326 - 121 126
327 - 121 128
328 - 121 129
329 - 121 130
330 - 121 132
331 - 121 133
332 - 122 113
333 - 123 121
334 - 123 124
335 - 124 125
336 - 125 123
337 - 126 22
338 - 126 127
339 - 127 115
340 - 127 122
341 - 128 22
342 - 129 22
343 - 130 131
344 - 130 174
345 - 130 176
346 - 130 182
347 - 131 132
348 - 132 22
349 - 133 21
350 - 133 132
351 - 134 12
352 - 136 50
353 - 137 136
354 - 139 01
355 - 139 08
356 - 140 08
357 - 140 50
358 - 140 141
359 - 141 50
360 - 142 22
361 - 142 152
362 - 143 21
363 - 143 145
364 - 143 148
365 - 144 152
366 - 145 01
367 - 145 146
368 - 145 147
369 - 145 148
370 - 146 49
371 - 146 143
372 - 147 49
373 - 149 144
374 - 149 145
375 - 150 144
376 - 151 152
377 - 151 153
378 - 151 166
379 - 152 154
380 - 153 03
381 - 153 130 
382 - 153 152
383 - 153 155
384 - 153 157
385 - 153 161
386 - 153 162
387 - 153 164
388 - 153 171 
389 - 154 157
390 - 154 159
391 - 154 166
392 - 154 167
393 - 155 154
394 - 155 156
395 - 156 157
396 - 157 158
397 - 157 159
398 - 158 160
399 - 159 03
400 - 159 160
401 - 160 153
402 - 160 166
403 - 161 158
404 - 161 159
405 - 161 166
406 - 162 158
407 - 162 159
408 - 162 163
409 - 162 166
410 - 162 168
411 - 163 164
412 - 164 165
413 - 165 130
414 - 165 162
415 - 165 169
416 - 165 171
417 - 165 175
418 - 166 05
419 - 166 10
420 - 166 180
421 - 167 03
422 - 168 10
423 - 169 166
424 - 169 170
425 - 170 171
426 - 171 166
427 - 171 172
428 - 171 189
429 - 173 165
430 - 173 166
431 - 174 175
432 - 176 179
433 - 177 130
434 - 178 60
435 - 178 130
436 - 178 179
437 - 179 153
438 - 179 165
439 - 179 177
440 - 179 180
441 - 179 183
442 - 179 191
443 - 180 60
444 - 180 181
445 - 181 21
446 - 181 130
447 - 182 180
448 - 183 21
449 - 183 171
450 - 183 180
451 - 183 184
452 - 183 187
453 - 185 183 
454 - 185 186
455 - 186 171
456 - 188 185 
457 - 188 187
458 - 189 190
459 - 190 188
460 - 191 183 
461 - 191 193
462 - 192 60 
463 - 192 179
464 - 193 179 
465 - 194 195 
466 - 194 196
467 - 195 01
468 - 195 199
469 - 195 200
470 - 195 205
471 - 195 206
472 - 195 207
473 - 197 195
474 - 198 195
475 - 200 196
476 - 200 203
477 - 201 196
478 - 202 200
479 - 202 201
480 - 203 195 
481 - 203 204
482 - 204 205
483 - 205 22
484 - 207 208
485 - 208 195
486 - 209 195
487 - 210 211
488 - 211 212
489 - 211 215
490 - 211 216
491 - 212 48
492 - 212 213 
493 - 213 214
494 - 214 212
495 - 215 213
496 - 216 217
497 - 217 212
498 - 217 219
499 - 218 212
500 - 218 219


Jefferson Ortega 
501 - 220 149
502 - 220 150
503 - 220 151
504 - 220 223
505 - 221 151
506 - 221 224
507 - 221 223
508 - 221 225
509 - 221 226
510 - 221 227
511 - 221 05
512 - 222 149
513 - 222 228
514 - 222 229
515 - 222 230
516 - 222 151
517 - 222 231 223
518 - 223 224
519 - 225 235
520 - 225 232
521 - 225 234
522 - 225 05
523 - 225 262
524 - 226 227
525 - 227 05
526 - 228 149
527 - 229 149
528 - 230 149
529 - 231 149
530 - 232 233
531 - 232 236
532 - 232 237
533 - 232 239
534 - 232 241
535 - 232 244
536 - 233 234
537 - 234 236
538 - 235 236
539 - 236 262
540 - 236 05
541 - 238 239
542 - 239 240
543 - 239 243
544 - 239 246
545 - 240 241
546 - 241 149
547 - 241 245
548 - 241 242
549 - 241 243
550 - 241 246
551 - 242 244
552 - 245 246
553 - 247 183
554 - 247 257
555 - 247 248
556 - 247 261
557 - 247 246
558 - 248 05
559 - 249 183
560 - 249 257
561 - 249 260
562 - 249 50
563 - 249 246
564 - 249 255
565 - 250 183
566 - 251 183
567 - 251 252
568 - 251 253
569 - 251 254
570 - 251 256
571 - 251 255
572 - 252 255
573 - 253 255
574 - 254 256
575 - 254 255
576 - 254 60
577 - 255 183
578 - 257 258
579 - 257 259
580 - 258 261
581 - 259 261
582 - 260 261
583 - 260 246
584 - 263 246 149
585 - 263 266
586 - 263 267
587 - 263 269
588 - 263 273
589 - 263 276
590 - 263 277
591 - 263 264
592 - 264 278
593 - 264 306 
594 - 264 279
595 - 264 280 
596 - 264 05
597 - 264 265
598 - 265 353
599 - 265 354
600 - 265 322
601 - 265 331 329
602 - 265 332 321 
603 - 265 60 246
604 - 266 271
605 - 267 271
606 - 267 268
607 - 267 283
608 - 267 274
609 - 268 246
610 - 269 270
611 - 269 271
612 - 269 274
613 - 269 275
614 - 269 276
615 - 270 273
616 - 270 274
617 - 270 275
618 - 271 246
619 - 271 272
620 - 271 273
621 - 271 274
622 - 272 274
623 - 274 283
624 - 274 246
625 - 275 282
626 - 275 288
627 - 275 283
628 - 276 298
629 - 276 297
630 - 276 282
631 - 276 296
632 - 276 294
633 - 276 295
634 - 276 288
635 - 277 298
636 - 278 301
637 - 278 302
638 - 278 303
639 - 278 305
640 - 279 292
641 - 279 299
642 - 279 300
643 - 279 301
644 - 279 302
645 - 279 304
646 - 279 303
647 - 279 305
648 - 279 343
649 - 279 344
650 - 279 281
651 - 280 281
652 - 281 345
653 - 281 05
654 - 283 284
655 - 283 285
656 - 283 286
657 - 283 287
658 - 283 05
659 - 284 246
660 - 284 289
661 - 284 352
662 - 284 290
663 - 284 351
664 - 284 291
665 - 285 352
666 - 285 351
667 - 286 352
668 - 286 351
669 - 287 352
670 - 287 351
671 - 287 350
672 - 287 349
673 - 287 317
674 - 288 289
675 - 288 290
676 - 288 292
677 - 288 293
678 - 288 291
679 - 291 315
680 - 291 317
681 - 292 296
682 - 292 297
683 - 292 316
684 - 292 315
685 - 292 294
686 - 292 295
687 - 293 315
688 - 297 299
689 - 298 299
690 - 298 300
691 - 298 301
692 - 298 302
693 - 298 303
694 - 301 297
695 - 301 316
696 - 301 315
697 - 302 297
698 - 303 297
699 - 304 297
700 - 305 306
701 - 305 307
702 - 305 311
703 - 305 308
704 - 305 309
705 - 305 310
706 - 305 345
707 - 306 344
708 - 308 344 343
709 - 309 343
710 - 310 343
711 - 311 314
712 - 311 313
713 - 311 305
714 - 312 318
715 - 312 347
716 - 312 346
717 - 312 314
718 - 312 313
719 - 313 345 
720 - 314 315
721 - 314 319
722 - 314 345
723 - 314 320
724 - 314 05
725 - 315 318
726 - 317 351
727 - 317 350
728 - 317 349
729 - 317 318
730 - 317 348
731 - 317 05
732 - 318 319
733 - 320 347
734 - 320 346
735 - 321 334
736 - 321 342
737 - 321 246
738 - 322 05
739 - 322 323
740 - 322 324
741 - 322 326
742 - 322 353
743 - 322 354
744 - 323 05
745 - 324 05
746 - 324 325
747 - 325 327
748 - 325 328
749 - 326 354
750 - 326 327
751 - 326 330
752 - 326 328
753 - 326 329
754 - 326 332
755 - 326 334
756 - 326 340
757 - 328 05
758 - 329 05
759 - 329 333
760 - 329 331
761 - 330 331
762 - 331 354
763 - 331 332
764 - 332 335
765 - 333 334
766 - 333 340
767 - 334 05 
768 - 334 336
769 - 334 337
770 - 334 335 
771 - 334 338
772 - 334 339
773 - 335 05
774 - 335 342
775 - 335 341
776 - 336 340
777 - 337 340 
778 - 338 341
779 - 339 342
780 - 339 341
781 - 340 05
782 - 343 345
783 - 347 348
784 - 347 05
785 - 348 349
786 - 351 05
787 - 352 05
788 - 355 246 265 360
789 - 265 362  
790 - 265 363  
791 - 265 364  
792 - 265 365  
793 - 265 366  
794 - 265 367  
795 - 265 368  
796 - 265 357  
797 - 355 404  
798 - 355 405  
799 - 355 406  
800 - 355 407  
801 - 355 408  
802 - 355 409  
803 - 355 410  
804 - 355 411  
805 - 355 412  
806 - 355 413  
807 - 355 414  
808 - 355 356  
809 - 357 376  
810 - 357 377  
811 - 357 378  
812 - 357 379  
813 - 357 373  
814 - 357 374  
815 - 357 380  
816 - 357 358  
817 - 358 381  
818 - 358 382  
819 - 358 360  
820 - 360 375  
821 - 360 374  
822 - 360 373  
823 - 360 372  
824 - 360 371  
825 - 360 370  
826 - 360 369  
827 - 360 361  
828 - 362 361  
829 - 362 383  
830 - 362 369  
831 - 363 383  
832 - 364 385  
833 - 364 383  
834 - 364 369  
835 - 364 370  
836 - 364 371  
837 - 365 385  
838 - 365 386  
839 - 365 371  
840 - 365 387  
841 - 365 388  
842 - 365 389  
843 - 365 373  
844 - 366 376  
845 - 366 386  
846 - 366 371  
847 - 366 378  
848 - 366 388  
849 - 366 390  
850 - 366 373  
851 - 367 376  
852 - 368 376  
853 - 368 386  
854 - 368 391  
855 - 368 377  
856 - 368 378  
857 - 371 384  
858 - 371 397  
859 - 372 384  
860 - 373 384  
861 - 373 398  
862 - 373 381  
863 - 373 396  
864 - 374 375  
865 - 374 398  
866 - 374 401  
867 - 374 381  
868 - 374 402  
869 - 374 403  
870 - 375 382  
871 - 375 400  
872 - 381 380  
873 - 376 377  
874 - 376 392  
875 - 377 386  
876 - 377 391  
877 - 377 393  
878 - 377 392  
879 - 378 394  
880 - 378 395  
881 - 379 396  
882 - 380 403  
883 - 380 402  
884 - 380 381  
885 - 380 401  
886 - 380 400  
887 - 384 387  
888 - 384 389  
889 - 385 397  
890 - 386 393  
891 - 386 392  
892 - 387 399  
893 - 389 399  
894 - 390 395  
895 - 390 396  
896 - 400 401  
897 - 356 414  
898 - 356 429  
899 - 356 430  
900 - 356 431  
901 - 356 432  
902 - 356 434  
903 - 356 435  
904 - 356 436  
905 - 356 437  
906 - 356 438  
907 - 356 425  
908 - 356 439  
909 - 356 359  
910 - 359 360  
911 - 359 427  
912 - 360 420  
913 - 360 409  
914 - 360 421  
915 - 360 423  
916 - 360 424  
917 - 360 425  
918 - 360 426  
919 - 404 440  
920 - 404 441  
921 - 404 415  
922 - 405 440  
923 - 405 441  
924 - 405 415  
925 - 406 440  
926 - 406 415  
927 - 407 415  
928 - 408 415  
929 - 408 442  
930 - 408 443  
931 - 408 444  
932 - 408 419  
933 - 408 445  
934 - 408 446  
935 - 408 420  
936 - 408 447  
937 - 408 409  
938 - 409 448  
939 - 409 449  
940 - 409 443  
941 - 409 411  
942 - 409 444  
943 - 409 434  
944 - 409 450  
945 - 409 451  
946 - 409 438  
947 - 410 448  
948 - 411 448  
949 - 411 452  
950 - 412 448  
951 - 413 448  
952 - 413 444  
953 - 413 428  
954 - 413 452  
955 - 413 453  
956 - 413 454  
957 - 413 455  
958 - 413 456  
959 - 413 457  
960 - 413 458  
961 - 413 434  
962 - 414 428  
963 - 415 459  
964 - 417 360  
965 - 418 360  
966 - 418 417  
967 - 417 360  
968 - 419 438  
969 - 419 460  
970 - 420 438  
971 - 420 460  
972 - 420 461  
973 - 420 445  
974 - 420 444  
975 - 420 462  
976 - 420 443  
977 - 420 442  
978 - 420 449  
979 - 420 448  
980 - 421 438  
981 - 422 434  
982 - 422 455 431 
983 - 423 438  
984 - 423 434  
985 - 423 455  
986 - 424 438  
987 - 425 463  
988 - 425 464  
989 - 425 465  
990 - 425 466  
991 - 425 426  
992 - 426 439  
993 - 426 427  
994 - 426 463  
995 - 429 453  
996 - 429 430  
997 - 429 455  
998 - 429 457  
999 - 429 434  
1000 - 429 450  


Luiggi Daniel, Minaya Salcedo

1001 - 474 475
1002 - 474 478
1003 - 474 479
1004 - 474 476
1005 - 475 480
1006 - 475 481
1007 - 475 482
1008 - 475 483
1009 - 475 484
1010 - 475 485
1011 - 475 486
1012 - 475 487
1013 - 475 488
1014 - 475 489
1015 - 475 490
1016 - 475 491
1017 - 475 492
1018 - 475 493
1019 - 475 494
1020 - 475 495
1021 - 475 496
1022 - 475 497
1023 - 475 498
1024 - 476 499
1025 - 476 500
1026 - 476 501
1027 - 476 502
1028 - 476 484
1029 - 476 503
1030 - 476 504
1031 - 476 505
1032 - 476 486
1033 - 476 506
1034 - 476 491
1035 - 476 507
1036 - 476 508
1037 - 476 509
1038 - 476 510
1039 - 476 511
1040 - 476 496
1041 - 476 512
1042 - 476 513
1043 - 477 474
1044 - 477 514
1045 - 477 515
1046 - 477 516
1047 - 477 517
1048 - 484 476
1049 - 514 515
1050 - 518 519
1051 - 520 519
1052 - 520 521
1053 - 515 521
1054 - 522 523
1055 - 519 524
1056 - 521 525
1057 - 524 519
1058 - 526 527
1059 - 526 528
1060 - 529 530
1061 - 529 531
1062 - 529 533
1063 - 529 534
1064 - 529 531
1065 - 519 535
1066 - 531 532
1067 - 491 529
1068 - 491 526
1069 - 491 536
1070 - 491 537
1071 - 491 538
1072 - 491 476
1073 - 535 539
1074 - 535 540
1075 - 535 541
1076 - 535 538
1077 - 538 542
1078 - 538 491
1079 - 538 543
1080 - 538 544
1081 - 540 545
1082 - 515 477
1083 - 515 521
1084 - 546 547
1085 - 546 548
1086 - 546 549
1087 - 546 550
1088 - 551 476
1089 - 551 552
1090 - 551 553
1091 - 551 554
1092 - 551 555
1093 - 551 556
1094 - 551 557
1095 - 551 558
1096 - 551 559
1097 - 551 560
1098 - 551 561
1099 - 551 477
1100 - 549 554
1101 - 549 555
1102 - 549 558
1103 - 549 559
1104 - 549 560
1105 - 558 562
1106 - 558 563
1107 - 558 564
1108 - 558 565
1109 - 558 549 
1110 - 558 551
1111 - 558 566
1112 - 558 496
1113 - 557 566
1114 - 556 566
1115 - 555 566
1116 - 554 566
1117 - 553 566
1118 - 567 568
1119 - 567 569
1120 - 567 570
1121 - 567 571
1122 - 567 572
1123 - 567 513
1124 - 573 570
1125 - 573 574
1126 - 573 575
1127 - 573 576
1128 - 573 578
1129 - 573 579
1130 - 573 513
1131 - 568 580
1132 - 568 567
1133 - 568 581
1134 - 568 582
1135 - 568 583
1136 - 568 584
1137 - 568 496
1138 - 583 568
1139 - 583 585
1140 - 583 586
1141 - 555 563
1142 - 555 587
1143 - 555 588
1144 - 555 551
1145 - 555 566
1146 - 589 533
1147 - 589 530
1148 - 589 534
1149 - 590 521
1150 - 590 527
1151 - 591 474
1152 - 591 514
1153 - 591 595
1154 - 591 596
1155 - 591 597
1156 - 597 477
1157 - 597 521
1158 - 597 598
1159 - 597 599
1160 - 597 600

1161 - 601 475
1162 - 601 602
1163 - 601 603
1164 - 601 604
1165 - 601 605
1166 - 601 606
1167 - 601 607 
1168 - 601 608
1169 - 601 609 
1170 - 601 610

1171 - 601 611
1172 - 601 612
1173 - 601 613
1174 - 601 614
1175 - 601 615
1176 - 604 513
1177 - 604 616
1178 - 604 617
1179 - 604 618 
1180 - 604 619

1191 - 604 496
1192 - 604 620
1193 - 604 621
1194 - 604 622
1195 - 604 623
1196 - 604 491
1197 - 624 623
1198 - 624 622
1199 - 624 621
1200 - 624 625
1201 - 477 626
1202 - 477 627
1203 - 477 628
1204 - 477 629
1205 - 477 630
1206 - 477 631
1207 - 477 632
1208 - 477 633
1209 - 477 630
1210 - 477 491
1211 - 477 634
1212 - 477 635
1213 - 477 636
1214 - 477 637
1215 - 477 638
1216 - 477 639
1217 - 477 640
1218 - 477 641
1219 - 626 642
1220 - 626 433
1221 - 626 643
1222 - 626 644
1223 - 626 645
1224 - 626 646
1225 - 626 647
1226 - 626 648
1227 - 627 642
1228 - 627 643
1229 - 628 642
1230 - 628 643
1231 - 628 644
1232 - 629 642
1233 - 629 643
1234 - 629 644
1235 - 629 645
1236 - 630 642
1237 - 630 643
1238 - 630 645
1239 - 630 649
1240 - 631 642
1241 - 631 642
1242 - 631 649
1243 - 631 650
1244 - 631 651
1245 - 631 652
1246 - 631 648
1247 - 653 654
1248 - 653 655 
1249 - 653 656
1250 - 653 657
1251 - 653 658
1252 - 653 659
1253 - 653 660
1254 - 653 661
1255 - 653 662
1256 - 653 636
1257 - 653 663
1258 - 653 664
1259 - 653 665 
1260 - 653 666
1261 - 653 667
1262 - 653 668
1263 - 653 669
1264 - 653 670
1265 - 671 672
1266 - 671 673
1267 - 671 674
1268 - 671 654
1269 - 654 653
1270 - 654 675
1271 - 654 676
1272 - 654 677
1273 - 654 678
1274 - 654 679
1275 - 654 680
1276 - 654 681
1277 - 654 682 
1278 - 654 683
1279 - 654 636
1280 - 680 654
1281 - 680 684
1282 - 680 685
1283 - 680 686
1284 - 680 687
1285 - 680 688
1286 - 680 653
1287 - 648 689
1288 - 648 690
1289 - 648 691
1290 - 648 692
1291 - 648 693
1292 - 648 694
1293 - 648 695
1294 - 648 696
1295 - 648 697 
1296 - 648 698
1297 - 648 699
1298 - 648 700
1299 - 648 701
1300 - 648 702